feature_4:  2.80746,3.445,4.08,4.715,5.35
feature_6:  0.124675,0.20625,0.2875,0.36875,0.45
