feature_1:  180.2,5150.0,10100.0,15050.0,20000.0
feature_2:  -0.0222,5.55,11.1,16.65,22.2
feature_5:  0.000342671382,0.0149033365,0.029405991,0.043908645499999996,0.0584113
