Iy:  2.997,3.75,4.5,5.25,6.0
PF:  0.6496500000000001,0.7375,0.825,0.9125,1.0
e:  -0.00035,0.0875,0.175,0.26249999999999996,0.35
dIf:  0.036267999999999995,0.22,0.40299999999999997,0.586,0.769
