team:  0.989,3.75,6.5,9.25,12.0
smv:  10.00549,21.177500000000002,32.30500000000001,43.432500000000005,54.56
wip:  -16.115000000000002,5785.75,11564.5,17343.25,23122.0
over_time:  -25.92,6480.0,12960.0,19440.0,25920.0
incentive:  -0.138,34.5,69.0,103.5,138.0
idle_time:  -0.3,75.0,150.0,225.0,300.0
no_of_workers:  25.937,41.75,57.5,73.25,89.0
